100512538
100512538
100541689
100599530
10090426
101502671
101502671
101502671
101502671
101502671
101502671
101742005
101867755
101877911
101882262
101932040
102188073
102850461
103191390
103527765
104010246
104328154
104360987
104360987
104360987
105109356
105145907
105473624
106104316
106791265
106791265
106791265
106791265
106923105
107757265
107790841
108591492
108591492
108613172
108613172
108613172
10877377
109276737
109363053
109363053
109363053
109782764
109782764
109782764
109782764
109782764
109782764
109782764
109782764
109782764
10979261
10979261
110332839
110332839
110477609
110780767
11117060
11117060
111257138
111257138
111325838
111330604
11163800
111838788
111850715
111850715
111933057
111934565
111936491
112081281
112128241
112408681
112451554
112646799
11315741
113531669
113531669
113602102
113602102
113602102
11362581
113810823
113950810
114000663
114000663
114000663
114094180
114659683
11551963
115882645
117036067
117036067
117036067
117036067
117274195
117321926
118508203
118977343
119094172
119469346
120358240
120358240
120536209
120536209
120536209
121115175
121115175
121325027
121325027
121913818
121992953
122440216
12253666
12253666
122537914
122923011
122923011
122923011
122923011
122923011
123797092
123797092
124225612
124225612
124225612
124225612
125273469
125273469
125627700
125841371
126004443
126736904
126925095
126925095
127454242
127776073
128033809
128260051
128474717
128474717
128504168
128504168
128572519
128572519
128993041
128993041
128993041
129523800
13007547
130125478
130125478
130125478
130125478
130380301
130380301
130380301
130380301
130380301
130380301
130380301
130380301
131548507
132067242
132067242
132067242
132067242
132300013
132654622
132712094
132853830
133052120
133256224
133456881
133610887
133610887
133754203
134579525
134579525
134579525
134652090
1348996
1348996
13526192
13526192
13526192
13526192
135528120
136010849
136010849
136010849
136010849
136914857
136914857
137917341
137917341
138697351
138748514
138786550
138989481
139125222
140076417
140076417
140639925
140639925
140639925
140639925
140639925
140639925
140639925
140639925
140691384
141805423
141998386
14211354
14211354
142462443
144324129
144324129
144324129
144324129
144324129
144324129
144324129
144324129
144324129
144324129
144324129
144324129
144324129
144324129
144324129
144324129
145814352
146803947
147054708
147054708
147054708
147054708
147054708
147054708
147054708
147753191
147753191
148127986
148127986
148127986
148127986
148127986
148127986
148127986
148127986
148127986
148127986
148127986
148186042
148445542
148445542
148596281
148596281
148705799
148705799
148705799
14964299
15011576
15011576
150529963
150529963
150529963
151187071
152484099
152484099
152746530
152781040
152781040
152781040
152918541
152954642
153047984
153296191
153597720
153810577
153810577
153810577
153919204
154239672
154641780
154676875
154718663
155319368
155319368
15532731
155458601
155458601
155599171
15564674
155730994
155730994
155730994
156264553
156264553
156264553
156264553
156348512
156740039
156740039
156740039
156740039
157754728
157882769
157985857
158097152
158565783
158805092
158805092
158805092
158970566
159455644
159752925
159752925
159928639
160159764
160217409
161411385
161499503
16203310
162064352
162182132
162305942
162354237
162354237
162354237
162716667
164239950
164798451
165094332
165248566
165338194
165338194
165338194
165338194
165338194
165441355
165504623
165995375
165995375
166408515
166408515
166408515
166408515
166408515
167109816
167473757
169217716
169743477
169791471
169791471
169791471
169791471
169791471
169791471
169791471
169791471
170904405
170904405
17146931
17146931
17146931
17146931
17146931
17146931
17180343
17180343
172072436
172072436
172233306
172233306
172233306
172233306
172233306
172233306
172233306
172233306
172233306
172233306
172233306
172233306
172381274
172799737
172799737
172799737
172799737
172799737
172799737
172799737
172799737
172799737
172799737
172799737
172799737
172799737
172799737
172799737
172799737
172799737
172799737
172942932
173123401
173145556
173145556
173145556
173145556
173322948
173475712
173475712
173475712
173475712
173475712
173475712
173530308
173751666
173751666
173755940
174597926
174597926
174964168
174964168
175488699
175488699
175488699
175488699
175488699
175866163
178375143
178375143
178375143
178680455
178886065
178886065
179974875
180619230
180620205
180860858
181137087
181152772
181218559
181603380
182686404
183194229
183194229
183194229
183194229
183808905
183808905
183808905
183915471
18425811
184379661
184379661
184830817
184830817
185081805
185475970
186101103
186107214
186139016
186187358
186187358
186739157
186739157
18685663
18685663
187525357
187525357
187594551
187861848
187863269
188274690
190317298
190634853
19089398
191287839
191313334
191341525
191341525
191341525
191546992
191622922
192026714
192031971
192031971
192031971
192377568
192590152
192637607
193188380
193188380
193295427
193295427
193295427
193302200
193302200
193483478
193827947
193896016
193955567
19426764
194328824
194810225
194810225
194872415
194944816
194944851
195261823
195261823
195261823
195261823
195261823
195669058
195719049
195719049
195719049
195719049
195735753
196206680
19637864
196833387
196833387
197838110
197970309
198816259
199105895
199105895
199314128
199488479
199753377
199761681
199761681
199761681
199830611
199830611
199830611
200199751
200199751
201134370
201134370
201960968
201960968
201960968
202105802
202243490
202282053
202842149
203431969
204584239
20473810
204753657
205026246
205379158
205709410
205785288
205785288
205785288
206193712
206193712
206193712
206450753
206450753
206450753
206450753
20711126
207372259
207372259
207372259
207372259
207467476
20773668
207745165
207782849
208059136
208059136
208495508
208972396
208987230
209183973
209784304
210297750
210436825
210436825
210436825
210950416
211180136
21189428
212518752
212606036
212807922
212807922
213667509
213667509
213667509
213667509
213667509
213667509
214032513
214037383
214350064
214366859
21452599
214750728
214775024
214775024
214775024
214775024
214775024
214775024
216140437
21697952
217499613
217499613
21783507
218540584
218540584
218540584
218906041
218937759
21936933
21936933
21936933
21936933
219463060
219777348
219993862
219993862
219993862
219993862
220872502
220891403
220980551
220980551
220980551
220980551
221101701
221101701
22268474
22268474
223143825
223858674
224093494
224139336
224139336
224139336
224139336
224431936
224469433
224529197
224546012
224546012
224546012
224546012
224546012
224546012
224546012
225313210
225472
225472
225472
225472
225472
225472
226649058
226649058
22701133
22701133
227075962
227075962
227677211
22808387
229079282
229079282
229079282
229079282
229656254
23041202
230525282
230828525
230943345
231024400
231461709
231538480
232317412
234017322
23429699
234435009
234435009
234517348
234521800
235890429
236689658
236885555
236885555
23694668
236964722
236964722
237603718
237603718
238231811
238231811
238775321
238994695
23918935
239340258
239570695
240130780
240695992
241285325
241676942
241676942
241676942
241785351
241785351
241785351
241785351
241785351
241785351
24249899
24249899
24249899
242574727
242596904
243283747
243408851
243657408
243657408
243873086
245356090
245356090
245449872
245449872
245449872
245449872
245449872
245449872
245449872
245449872
245449872
245449872
245449872
245449872
245449872
245449872
245449872
245449872
245449872
245449872
245449872
245449872
245449872
245449872
245449872
245449872
245449872
245449872
245449872
245449872
245449872
245449872
245449872
245449872
245449872
245449872
245449872
245449872
245449872
245449872
245449872
245449872
245449872
245449872
245449872
245449872
245449872
245449872
245449872
245449872
245449872
24586354
246201037
246777323
247262520
247262520
247262520
247462350
247582444
247872521
248649827
24907154
24907154
24907154
24907154
249510863
249510863
249874917
25028573
250439191
250731649
250957410
250957410
251269761
251269761
251345727
251345727
251345727
251345727
2514457
251535831
252042029
25245237
252462303
252462303
252503117
252503117
252503117
252807323
253759773
254130631
254450611
254450611
254488062
254488062
254488062
254938577
254998502
255137298
255350881
255395670
255800164
256185004
25717469
25717469
257248854
257261487
257387076
257884456
257884456
257938841
257938841
258114321
258212292
258212292
258566799
25996079
259980850
260194706
260194706
260194706
260858249
260957349
261534602
261534602
261534602
261669516
261669516
262137153
262600610
262600610
262600610
262637708
262786857
262841060
262841060
262841060
262841060
263046246
263046246
263046246
263154361
263154361
263154361
263154361
263154361
263372890
263372890
26419845
265040255
265040255
265040255
265040255
265040255
265040255
265040255
265040255
265040255
265040255
265040255
265040255
265040255
265040255
265040255
265040255
265040255
26513432
265314196
26552478
26552478
265648700
266526868
266526868
266911588
266911588
266911588
266911588
267189775
267189775
267189775
268067011
268067011
268067011
268067011
268067011
268067011
268067011
268067011
268067011
268067011
268067011
268067011
268067011
268095400
268103724
268461622
2686360
268943254
269451290
269687228
26971164
270013612
270696572
27073422
270786097
271191040
271429756
271429756
271429756
271429756
271429756
271429756
271429756
271429756
271429756
271429756
271429756
271429756
271429756
271429756
271429756
271429756
2720065
272231685
272231685
272231685
272250770
272456607
272520269
272798763
272798763
272798763
272798763
272798763
272798763
273127372
273127372
273127372
273127372
273127372
273127372
273127372
273127372
273127372
273127372
273239820
274180806
274604361
274604361
274604361
274604361
274946566
274946566
274946566
274946566
274946566
274946566
274946566
27502062
275613076
275786765
275786765
275849620
275849620
276394270
276394270
276394270
276394270
276394270
276394270
277038725
277059405
277153370
277335936
277335936
277335936
277335936
277335936
277339148
277339148
278368308
278393268
278393268
278393268
278393268
278393268
278393268
278393268
278393268
278393268
278393268
278393268
278393268
278393268
278393268
278393268
278393268
278393268
278393268
278393268
278393268
278393268
278393268
278393268
278393268
278509777
278939131
279863070
279863070
279863070
279886535
281043357
281387686
28147631
281834042
281834042
282006922
282676542
283264319
283264319
283699505
284375861
284375861
284512489
285093403
285205590
286127559
286127559
286403406
286542630
287235955
287459776
287487704
287541401
287557975
287600796
287649423
287649423
289528938
289528938
290140253
29065861
290782342
290859095
290976617
290976617
290976617
290976617
290976617
290976617
290976617
291187518
291372794
291447368
291565247
291565247
291569163
292637331
292637331
293697405
293972050
294128997
294246694
294246694
294246694
294246694
294910943
294977557
294977557
295152250
295152250
295152250
295152250
295275395
296397639
296397639
296926666
296926666
296926666
297093012
29738247
297487116
297487116
297487116
297487116
297487116
297487116
2977882
2977882
298214188
298214188
298263577
298263577
298427257
299197568
299543861
300096985
300475750
300743188
301265489
301648434
301864459
302358662
30281088
303000569
303877974
304394179
304394179
304394179
304394179
304834265
305141669
305141669
305442744
305442744
305631023
30572331
305847022
306151169
307438354
307438354
307625827
307625827
307625827
307642262
30768527
3080012
308083693
308083693
308083693
308690151
308690151
309710589
30996242
30996242
30996242
30996242
31005606
310780085
311054036
311823290
311878254
311878254
311878254
311878254
311878254
312189503
312605089
31287929
313232763
313269676
313441559
313509963
313696235
313696235
313696235
314159245
314318405
314605467
314605467
314605467
314993871
314993871
315264404
315311560
315416156
315416156
315416156
315416156
315416156
315416156
315416156
315416156
315416156
315416156
315416156
315416156
315470925
315507905
315524267
316324996
316484262
317139448
317408207
317515659
317547202
317675303
31782611
318377142
318377142
319041562
319177215
319706203
319706203
319766755
320164546
320311173
32055653
32055653
32055653
320666006
32089064
3210207
321732450
321892957
321992753
322658196
323223296
323866563
324116661
324116661
324116661
324116661
324449729
324449729
324449729
324449729
325049400
325299174
325406067
325818347
32594540
325991288
326102040
326180934
32633697
32633697
326848133
326848133
326848133
326848133
326848133
326848133
326848133
326848133
326848133
326942306
32727883
327739130
327878605
328005154
328114013
328474322
328474322
328947569
328975093
328997075
329073611
329436170
329436170
329457872
329457872
329490406
329595013
329645335
330830489
331009237
331327081
332138679
332138679
332138679
332163065
332949237
333044434
333371462
333371462
333371462
333371462
333940954
334777042
335265721
335562513
335562513
335815469
337033298
337033298
337091479
337091479
337091479
337091479
337091479
337508131
337519389
337519389
337604885
338262524
338442261
338442261
338442261
339227896
339916413
340737063
34200022
342131196
343185803
343185803
343185803
343185803
343185803
343185803
343185803
343185803
343185803
343185803
343185803
343185803
343185803
343185803
343185803
343185803
343185803
343185803
343185803
343185803
343185803
343185803
343185803
343185803
343185803
343185803
343185803
343185803
343185803
343185803
343185803
343185803
343185803
343185803
343185803
343370065
344102554
344489539
344621438
344621438
345007076
345007076
345007076
345007076
345007076
345007076
345032158
345456653
345456653
345456653
345456653
345456653
345456653
345456653
345456653
345456653
345456653
345931989
345931989
346106080
346167358
346530310
346530310
346530310
346976200
347274879
348227423
348227423
348242357
348466920
349778282
349778282
349778282
350270287
350376070
350376070
351261037
351416036
351416036
351620851
351920537
352206639
352404437
3534159
3534159
3534159
353978467
354573823
354933056
354933056
354960719
354960719
354960719
354992740
355356902
356086275
357117012
357442004
358126553
358126553
358775608
359342335
359342335
359355656
359355656
359555881
359966675
359966675
360127387
360362606
360896851
36126326
361927982
361927982
362925721
362925721
362925721
363100052
363142287
363180800
363183705
363183705
363206428
364017264
364052641
364052641
364248145
364448576
36488461
36488461
36488461
36488461
36488461
36488461
36488461
36488461
36488461
36488461
36488461
364983897
365202529
365540285
365540285
36653526
36653526
36653526
36653526
36653526
36653526
36653526
36653526
36653526
36653526
36653526
36653526
36653526
36653526
366827591
367191595
36754643
36754643
36754643
36754643
370420344
370420344
370420344
370420344
370420344
370420344
370420344
370420344
370420344
370420344
370420344
370420344
370420344
370420344
37107707
371110390
371110390
371110390
371110390
371110390
371110390
371110390
371168051
371168051
371714764
371714764
371714764
371714764
372327958
372327958
372327958
372327958
372327958
372327958
372327958
372936156
373151465
373617339
373812545
373812545
374374832
37602520
37602520
37602520
376350841
376350841
376350841
376539375
376539375
376609974
376856659
376943930
377508071
377508071
377550314
377731621
378642170
379678595
380266608
380266608
380932460
38096754
380999951
381330532
381338352
382057763
382399391
382448153
382448153
382448153
382448153
382448153
382482612
382482612
382559946
382868174
382868174
383741816
384352211
384352211
384417902
385578941
385685610
386512526
386754346
386754346
386764495
386765193
387357199
387357199
387357199
387357199
387357199
387357199
387872781
388874255
389011873
38903738
38903738
389283901
389688857
390771989
39162938
39162938
39162938
391907384
392065442
392065442
392088415
392537429
393238365
393507760
393819869
3941301
394139534
394181269
394216645
394802970
394837933
39495389
395100008
395632662
395989882
395989882
396193392
396470220
396596609
396717710
396820452
396820452
397268138
397268138
397268138
397420719
397420719
397576776
397929536
397972384
398648381
398952310
399064977
399135440
399135440
399135440
399135440
399135440
399135440
399909590
400234572
400533516
400840444
400840444
400840444
400840444
400840444
400840444
400840444
400840444
400840444
400840444
401186588
401366882
401439625
401439625
401439625
401439625
401439625
401439625
401451117
401451117
401649414
401738691
401858789
401864376
402399888
402968345
403237765
403333709
404458421
404458421
404458421
404640137
404640137
405161999
405163866
405163866
405163866
405418468
405418468
405618230
405618230
405971410
405971410
406597879
406597879
406597879
406597879
406721002
406721002
406721829
406721829
406996821
406996821
40709061
40709061
407523545
408517098
408517098
409016811
409346534
40970689
409961718
410362762
410592321
410615477
410615477
410760130
410760130
410760130
410760130
410900386
411217559
411318210
411716009
412633546
412997597
412997597
412997597
414486782
414486782
414486782
414486782
414486782
414486782
414486782
414486782
414486782
414486782
414486782
414486782
414486782
414486782
414486782
414486782
414486782
414981277
415026634
415286031
415286031
415406178
415740513
415740513
41584107
416011193
416034816
416624720
416624720
416624720
418107642
41856792
419093123
419595190
420303305
420452834
42050432
421481142
421481142
421733391
422504338
422504338
42272118
422813013
423318367
423318367
423318367
423318367
423318367
423318367
423318367
423418336
424404426
425165783
425204387
425797184
426404800
42720652
427287617
427621727
428024691
429365370
429411831
4301874
430278994
430585753
430605778
431774624
431909198
432048072
432048072
432166682
432736638
433082915
433111443
433252283
433252283
433252283
433252283
433252283
433252283
433252283
433252283
433252283
433756081
434137361
434137361
434155226
434155226
434155226
434155226
434155226
434155226
434546069
434546069
434546069
434546069
434911999
434911999
434911999
434911999
435106875
435106875
435106875
435123413
435350646
435884124
435884124
436043288
436223062
436223062
436223062
436223062
436223062
436223062
436223062
436381860
436582447
436582447
436582447
436582447
436582447
436698575
436698575
436698575
438967477
440336423
44034493
44034493
44034493
440492338
440492338
441586413
441909716
441948947
441948947
441968761
442467296
442467296
442467296
442467296
442467296
44310359
444337804
444469358
445905602
445905602
445993066
447372604
447372604
448079452
448097809
450475749
450583522
450583522
450583522
450583522
450583522
450641403
451025339
451129557
451129557
451129557
451236464
454338914
454411068
454606986
454606986
454769764
454769764
456953883
457244477
45742674
45742674
457877405
457877405
457877405
458582820
458847731
458864358
458864358
459334465
459607288
459607288
459613388
459613388
459613388
459613388
459613388
459613388
459613388
459613388
459613388
459613388
459613388
459613388
459613388
459613388
459613388
459613388
459613388
459613388
459613388
459613388
459613388
459786577
459979615
459979615
459979615
460392862
460392862
460392862
460392862
460392862
460392862
460398728
460483988
460704680
460786671
460786671
460786671
461527938
462084248
462327522
462327522
462394342
462864555
462954002
463101661
46324555
46324555
46324555
46324555
46324555
46324555
46324555
46324555
46324555
46324555
46324555
46324555
46324555
46324555
46324555
46324555
46324555
46324555
46324555
46324555
46324555
46324555
46324555
46324555
46324555
46324555
46324555
46324555
46324555
46324555
46324555
46324555
46324555
46324555
46324555
46324555
46324555
46324555
46324555
463667787
463783108
464492112
464872742
465453494
465453494
465881475
465887729
466021764
466464022
466708706
466708706
466708706
466708706
466708706
466708706
467243338
467409231
467615522
467615522
467615522
467615522
46848287
468752819
470143725
470946846
470946846
470946846
472035935
472324974
472324974
472324974
472392395
472619578
472619578
472619578
472619578
473024561
4733661
473671370
473764126
473764126
473764126
473764126
473764126
473764126
473962906
474209456
474209456
474293236
474304675
474420279
474654167
474654167
474654167
474654167
474654167
474654167
474751007
475035706
475035706
47504452
47504452
47504452
47504452
47504452
47504452
47504452
47504452
47504452
475147974
475533906
475611047
475611047
476067713
476185983
476505489
476810917
476810917
476810917
477457103
477487924
477779659
477972375
478324806
478446910
478822638
478822638
478822638
478822638
479521754
479521754
479521754
479521754
479521754
479521754
479521754
479521754
479653489
479653489
479653847
479653847
479653847
479653847
479653847
479775073
479860807
479917299
480026709
480391971
480391971
480391971
480394183
481102350
481160368
481160368
481160368
481677245
481677245
481710927
482060608
482079042
48260092
48260092
484365442
484365442
484638351
484684205
484684205
484684205
484684205
485103504
485297978
485393294
485491053
485508157
485870262
485974423
485974423
486151984
486151984
486349317
48704102
48704102
487932740
488246640
488246640
488246640
488246640
488246640
488246640
488246640
488246640
488246640
488246640
488246640
488246640
488246640
488246640
488246640
488246640
488246640
488246640
488246640
488246640
488246640
488246640
488246640
488246640
488246640
488246640
488246640
488246640
488330781
488460791
488460791
488460791
488460791
488844034
488844034
488844034
488844034
489399351
489808806
489808806
490050721
490050721
490387818
490387818
490387818
490682228
491593704
491689172
491689172
491954897
492287141
492287141
49269248
494675684
494675684
494691696
494723738
494986812
494986812
495196763
495196763
495389744
495389744
49567875
49567875
49567875
495882719
496201564
496201564
496520461
496733881
496907639
496907639
4972031
497837583
497894505
498498058
498635851
498635851
498647268
498702197
499218489
499218489
499841016
499988514
500825787
500825787
500825787
501535036
501654092
501966104
502503276
502570587
502952569
503057596
503057596
503057596
503057596
503222838
503390821
503390821
503578470
503903989
504881597
505071894
505357275
505814004
506443868
506443868
506512099
506590385
506590385
507067310
507088887
507681853
507923195
508070342
508343608
508343608
508546487
50861192
50861192
509198684
509283340
509283340
509425651
509774797
510527361
511050040
511086150
511225505
511419057
511763438
512219994
513118329
51392200
514065787
514416658
514567553
514745647
515227012
515248820
515350389
516415864
516548029
516794668
517118595
51729933
51729933
517637909
517637909
517719547
517719547
517719547
518130307
518135253
518765985
518802569
518868881
518868881
518868881
519073536
519073536
519073536
519073536
519073536
519073536
519073536
519315001
519315001
519315001
519570206
520224175
520360191
520653340
520653340
520653340
520653340
520653340
520732014
520851019
521051768
521417990
521417990
521417990
521417990
521913063
522061436
522201371
522201371
522843493
523661654
523706930
52382288
523836797
52387917
52387917
524131672
524378416
524439582
524805095
525373071
525565389
525800107
525998596
525998596
526099892
526729375
526729375
526729375
527249565
527249565
527630151
527656876
528269678
52836725
528755346
528907527
529216281
529589313
529664575
529664575
530035773
530484605
530484605
530546487
530546487
530546487
530546487
530546487
530546487
530546487
530546487
530546487
530546487
530861351
530977710
530977710
531102919
531102919
531175753
531185256
531535872
531758984
531776477
531823791
532197488
532373027
533776245
533812560
534568128
534568128
534568128
53495225
535676237
535832345
536066981
536113016
536757221
536757221
536757221
536757221
536757221
536757221
536757221
538150263
53815042
538433244
538471448
538471448
538471448
538697684
539290896
540480023
540480023
540640723
540640723
541107219
541531065
54304054
543062387
543062387
543062387
543062387
543062387
543326889
543536079
544180324
544385617
544742877
545270466
545270466
545270466
545270466
545270466
545270466
545908482
545908482
546953115
547219631
54731350
547565189
547677342
547933098
549003609
549037433
549078163
549078163
549104190
549305201
549456361
549456361
549605255
549659889
54983106
549848033
550298260
550298260
550298260
550298260
550653363
551005158
551407899
551407899
551407899
551976960
551976960
551976960
552764508
553080263
553080263
554601750
55490378
55490378
55490378
55490378
55490378
555229230
555242753
555242753
555411730
556416161
556416161
557027839
557262440
557379745
557379745
557379745
557813195
55784389
558056110
558143018
558143018
558143018
558420564
558589646
558593095
558593095
559109098
559109098
559187375
559187375
559187375
559187375
559187375
559542199
559943008
559943008
559943008
559947692
560423029
560423029
560616340
561229456
561229456
561287091
562059783
56231763
56231763
562376836
562434193
562992044
563020467
563493958
563493958
563493958
563493958
563900850
564071965
564071965
564071965
564105399
564544227
56493618
565484010
566726433
566726433
566726433
566726433
566726433
566726433
567558768
568111170
568395116
568804001
568997377
568997377
568997377
568997377
568997377
568997377
568997377
569156287
569156287
569156287
569156287
569156287
569156287
569156287
569156287
569156287
569156287
569156287
569156287
569473707
569473707
569750958
570285468
570285468
570285468
570285468
570285468
570285468
570285468
570285468
571684273
571684273
572125428
572462593
572495097
572495097
573495863
574044348
57504610
57504610
575730720
576844294
576844294
576844294
576844294
576844294
576844294
576931623
577003747
577126658
577438706
577741355
578182527
578520888
578520888
578520888
578520888
578520888
578520888
579158200
579560912
580222926
580298584
580463402
580463402
580463402
580463402
580463402
580463402
580713451
581112910
581112910
581112910
581112910
581956075
582342907
582629146
582629146
582629146
582629146
582629146
582629146
582629146
582629146
582629146
582629146
582629146
582629146
582629146
582629146
582629146
582629146
582629146
582629146
582629146
582629146
582629146
582629146
582629146
582629146
582629146
582629146
582629146
582629146
582629146
582629146
582629146
582629146
582629146
583101711
583215635
58345096
583507183
583507183
583507183
583530432
583611354
583611354
583675969
583675969
584084882
584503127
584503127
584503127
584503127
585109048
585109048
585109048
585253153
58549390
58567500
586361658
586361658
586496321
586496321
586496321
586496321
586496321
586496321
586496321
586496321
586496321
586496321
586990239
587460570
587492563
587492563
587812736
58840195
588556248
588556248
588640480
588640480
588640480
588640480
588798417
588798417
589057684
589240061
589240061
589417029
590096707
591400567
591400567
591403306
591539523
591539523
591593103
591593103
591790866
592003734
592005277
592331046
592331046
592331046
592331046
592331046
592331046
592455916
592455916
592455916
592455916
592774530
592887366
593241603
593367180
593367180
593367180
593367180
593373104
594264062
594264062
59443625
594560645
594560645
594560645
594560645
594727865
594825616
594825616
594825616
595283860
595899642
595899642
596388249
596388249
596558217
596831422
597703748
597721474
598374935
599109774
599137545
599806052
600191340
600191340
600191340
600191340
600633062
600633062
600633062
600633062
600633062
600633062
600633062
600633062
600633062
600633062
600633062
600633062
600633062
600633062
600633062
600633062
600633062
600633062
600633062
600633062
600633062
600633062
600633062
600633062
600633062
600633062
600633062
600633062
600633062
600633062
600633062
600633062
600633062
600633062
600633062
600633062
600633062
600633062
600633062
600633062
600633062
600633062
600633062
600633062
600633062
600633062
600633062
600633062
600633062
600633062
600758795
600805843
600843241
600843241
601112670
601329925
601329925
601697224
601802399
601802399
602010593
602010593
60248283
603106378
603106378
603447657
603447657
604432126
605389316
605389316
605389316
605389316
605389316
605389316
605389316
605389316
605389316
606721706
608155337
608155337
608409701
608430647
608876717
609333115
609333115
609333115
609815143
609815143
610030546
61010911
610193099
610193099
610952534
610952534
610952534
610952534
610952534
610952534
610952534
611367895
612080945
612272308
612696457
613360433
613666743
613754633
615885076
615885076
615885076
615885076
615885076
615885076
615885076
616430793
61698277
617252870
617252870
617508813
617508813
617932423
618772576
618772576
619443771
619690502
619690502
619776604
619802313
619904625
620521357
620521357
620521357
620680702
620680702
62089075
62089075
620919122
621104807
6213846
6213846
6213846
6213846
6213846
6213846
6213846
6213846
6213846
6213846
6213846
6213846
621498990
621498990
622092489
622799904
622803302
622900088
623336330
623336330
623336330
623336330
623336330
623336330
623343977
623825406
624164850
624164850
624269601
624496802
624587955
624587955
624587955
624587955
625051637
625051637
625277442
625277442
625277442
625326793
6256066
625850170
625850170
625850170
626351268
62639237
626650351
626650351
62690672
62690672
62690672
62690672
62690672
62690672
62706984
627130713
627682796
627793267
627793267
627793267
627793267
627793267
627793267
627793267
627793267
627793267
627793267
627793267
627793267
627793267
627793267
627793267
627793267
627793267
628265071
628265071
62832863
62832863
62832863
62832863
628475460
628475460
628475460
628517067
628517067
628517067
628517067
628517067
628625166
629107953
629453936
629691616
629832084
630106451
630245295
630304580
630304580
630304580
630304580
630304580
630304580
630304580
630304580
630594483
630594483
630594483
630820109
630820109
630820109
630820109
63083279
632021160
632021160
632021160
632060708
632079007
632083429
63233157
632362382
632364880
632364880
632364880
632407006
63372536
63372536
63372536
633905951
633905951
634538621
634665906
634665906
634665906
634665906
634768556
634768556
634809679
634809679
635119704
635119704
635355086
635355086
635355086
635355086
635355086
635536816
636415736
636860937
636860937
637207706
63765328
639023000
639057527
639398340
639451680
639451680
639451680
639451680
639451680
639648907
639648907
64052811
640985512
640985512
640985512
642221268
642457068
643077794
643077794
643711951
644120444
644120444
644137292
644256450
644256450
644591390
644591390
644591390
644723971
644723971
644723971
645382359
645382359
645382359
645382359
645431813
645431813
645431813
645431813
645970389
645970389
645970389
645970389
645970389
645970389
645970389
645970389
645970389
645970389
645970389
645970389
646062949
647130552
647130552
647130552
647130552
647130552
647130552
64825268
64825268
64825268
648476560
64881230
648834431
648834431
649313067
649637915
649693081
649781506
649794517
649794517
649794517
649794517
649798657
649798657
649798657
64985570
651341595
652578745
652741483
652741483
652741483
652741483
652741483
652741483
652741483
652741483
652741483
652750268
652900257
652999917
65309893
653122578
653844767
654065563
655249150
655343360
656030315
656071254
656071254
65624900
656381957
656381957
656381957
656381957
656774266
656774266
657401612
657404229
657488375
657488375
657488375
658059573
658059573
658817494
658817494
659245091
65942461
659654311
660918407
661195539
661195539
661195539
661349080
661349080
661412979
661839350
661839716
661839716
661839716
661839716
661839716
661839716
661882143
662100994
662245196
662419093
662419093
663015291
663015291
663015291
663015291
663015291
663015291
663731499
663935341
663935341
663935341
663935341
663935341
664245088
664245088
664245088
664654795
664817538
665298688
665387440
665387440
665387440
665387440
665387440
665387440
665387440
665449973
665813273
665995003
665995003
665995003
666290043
666290043
66691564
66691564
667117938
667117938
667117938
668101000
668148741
668148741
668148741
668238366
66877953
66877953
66877953
669546408
6696857
6696857
6696857
66969519
669741238
669741238
669837295
669949894
669949894
67001439
67001439
670041364
670315206
670329588
670449454
670988481
670988481
67104856
671217915
671217915
671353722
671353722
671353722
671353722
671353722
671553677
671678446
671678446
672024888
672024888
672024888
672024888
672024888
672024888
672024888
672024888
672165911
672779469
672855451
672855451
673139779
674057260
674569455
674569455
674823524
67489912
67489912
674964264
674975768
675366508
675366508
675513042
675513042
675617616
675617616
675959125
676028219
676028219
676028219
676028219
676028219
676226155
676694633
676694633
676694633
676714541
676714541
676714541
676739986
676751947
677208406
677749375
678332854
678425193
678427290
678427290
678983732
679945784
68069365
68125717
681753013
681790048
682007221
68242741
682630645
682981764
682981764
682981764
682981764
682981764
682981764
682981764
682981764
682981764
682981764
683131749
683131749
683131749
683131749
683131749
683516790
683714491
683714491
683714491
683859278
684441710
684806676
684806676
685224917
685230282
685230282
685378806
685378806
685570141
68579470
686388865
686493019
687792236
688413450
688413450
688413450
689261852
689710544
689880460
689880460
689880460
689880460
689880460
689880460
689880460
689880460
689880460
689880460
690026913
69013933
690602294
690824381
690824381
690824381
690824381
690943512
690943512
691110456
692257774
693014192
693014192
693014192
693014192
693453311
693500238
693545359
694260409
695098836
695809183
695958436
696104758
696338221
696338221
696338221
696338221
697275666
698075644
698309095
698309095
698584563
698766297
701772975
702631618
702791838
702791838
702791838
702791838
703257387
703257387
703257387
703704052
703794001
704277640
704287989
704373564
705757959
705757959
705757959
706494512
706673064
706673064
707419790
708559940
70967757
710393571
71085417
711071264
711807648
711807648
711807648
712432151
712432151
712432151
712432151
712432151
712551751
713108488
713467382
714337118
714822857
714822857
714836836
716326523
716335547
716335547
716335547
716335547
716335547
71660587
716687953
716687953
716687953
716687953
716687953
716687953
71669399
716738488
71743081
71750325
717666470
717702120
717893631
717910031
717937083
718553378
718553378
718553378
719165743
719165743
719165743
719455430
719455430
719710304
719712714
71987220
719899575
719972411
720208609
720492743
720771254
720804858
72083429
721431789
721642833
721926847
721926847
721926847
721926847
721926847
721926847
721926847
721926847
721926847
721926847
721926847
721926847
723085334
723085334
723085334
723085334
723768527
723768527
723768527
724086367
724791075
724791075
724962046
724962046
725072117
725072117
725126142
725274671
725274671
725780192
725807062
725921593
725921593
726270613
726270613
726270613
726270613
726566700
726566700
726968599
726968599
727153775
727153775
727294557
727294557
727294557
727425984
727425984
727425984
727425984
728897218
728897218
72900196
729164591
73035519
730423872
730638162
730756953
731430286
731430286
731690534
731690534
731709297
731856548
731856548
731881208
732359014
732545107
732545107
733562563
733957225
734819982
734819982
73487121
73495825
735114749
735114749
735114749
735295314
73538310
73538310
73538310
73561444
736777616
736782358
738043620
738281042
738281042
738763804
738920704
739315173
739315173
739315173
739315173
740254349
74059498
742566869
74316555
74316555
743214338
743601806
743810498
743841558
744239360
744239360
74479503
74479503
74479503
745272701
745272701
745272701
745272701
745272701
745313603
745313603
745313603
745313603
745569170
745613622
74583651
745930419
746156682
74623610
746376553
746376553
746796724
746888350
746902885
746902885
747130042
747632124
747947908
74795975
748472221
749094580
749893153
750174226
750174226
750174226
750174226
750174226
750174226
750254307
750254307
751080608
751080608
751080608
751246504
7517337
751929071
751929071
752212580
752212580
752212580
752212580
752212580
752212580
752212580
752212580
752212580
752212580
752212580
752212580
752357990
752548767
753152812
753166299
753166299
753166299
753677399
753978630
754219130
754869414
755132112
755132112
755132112
755132112
755132112
755132112
755132112
755132112
755132112
755132112
755132112
75529978
755888609
756024628
756230011
756418589
757136861
757136861
757136861
757136861
757136861
757136861
757136861
757136861
757136861
757136861
757138929
757185098
757202356
757202356
757220406
757541831
757815525
757981058
758174477
758174477
758174477
758174477
758289517
758441673
758678417
758678417
758678417
759535361
759535361
759535361
75979225
75979225
75979225
759893441
760210972
760223612
760223612
760278522
761319006
762590339
762590339
762590339
762590339
762867660
762996771
763038017
763038017
764156575
764225016
764225369
764225369
764225369
764225369
764225369
764423438
765344480
76542466
766029498
766029498
766650387
766757186
766780411
766780411
766780411
766780411
766780411
766780411
766780411
766861888
766861888
766861888
766861888
766861888
766861888
766861888
766861888
766861888
766861888
766861888
76742616
76742616
76742616
76742616
76742616
76742616
76742616
76742616
76742616
767695725
767695725
767878284
767900042
7684848
768549580
768691620
768691620
768691620
768919836
769273676
769273676
769273676
769273676
769381013
769381013
770088543
770088543
770088543
770088543
770088543
770088543
770088543
770497487
770497487
771051156
771731090
772457119
772954102
773264021
774379680
775326399
775843881
775843881
775843881
77682141
77682141
77682141
77682141
77682141
777411096
777591040
778401824
779021042
779021042
779021042
779513520
779873629
779873629
780153659
780302507
780302507
780302507
780302507
780632822
780632822
780632864
780632864
780632864
780632864
780632864
780863672
780863672
780863672
780863672
780863672
78132355
78132355
781343181
781452863
781565906
781702112
782790273
782966281
783403611
783453816
784047696
784047696
784047696
784083581
784083581
784083581
784083581
784083581
784083581
784083581
784083581
784083581
784083581
784083581
784206304
784206304
78421038
784267948
784267948
784824413
785294848
785460133
785693113
787190572
787190572
787190572
787190572
787190572
787832355
787872519
788025659
788025659
788088554
788088554
788088554
788616730
788616730
788826917
78890870
789289309
789538805
789628073
789730725
789730725
789730725
789800606
789921535
790221947
790221947
790221947
790221947
790221947
790221947
790221947
790669098
790669098
790669098
790669098
791070792
79115157
79142420
79202028
7920965
792792668
793079478
793425535
793425535
793641171
793658361
794186695
794235941
794235941
794235941
794235941
794706430
794706430
794960185
795014431
795111371
795111371
795854700
796341124
796447189
796447189
796529195
796780795
796780795
797142769
797142769
797383488
798403046
798420614
798420614
798420614
79965758
799838515
799895524
799895524
799903483
799932145
799932145
799932145
799932145
799932145
799932145
799932145
800032943
800032943
800032943
800032943
800032943
800032943
800032943
800629893
800629893
800758079
800758079
800758079
800758079
801147302
801147302
801147302
801299858
801832431
801837857
801837857
801837857
801837857
802352058
802352058
803172158
803172158
803172158
803172158
803172158
803172158
803172158
803172158
803172158
803624732
803730078
803919143
803981632
803981632
803981632
803981632
804915535
805134500
805134500
805221834
805377466
805377466
805827184
806256911
806932769
807463691
807463691
807463691
807565333
807565333
807639170
807639170
807639170
807639170
809369821
80961330
810682055
810682055
810862440
810926484
810947073
811164011
811539537
811760670
811760670
811859957
811880303
81198786
812365923
812365923
812365923
812666741
812687228
812884985
812933557
812933557
812933557
812972293
81339104
81389045
813906844
814385367
814598093
814598093
815066415
815066415
815066415
815066415
815066415
815066415
815415767
815415767
815972209
81609680
816153289
816952434
817294609
817348859
817550140
817837474
81851552
818712447
819456826
819782793
819782793
820535880
820817223
821002202
821638289
821668508
821714869
822177601
822287564
822287564
822500364
822720674
823629472
823629472
823629472
823629472
823629472
823862463
824902601
824902601
824902601
825346055
825346055
825691170
825691170
825691170
825691170
82569228
82569228
826010808
826030078
826470409
826475526
826484350
826484350
827187473
827187473
827187473
827187473
82780608
828096248
828652896
828652896
828652896
828652896
828652896
828652896
828652896
828652896
828652896
828652896
828652896
828652896
828652896
828652896
828652896
828652896
828652896
828652896
828772159
828772159
828772159
828772159
829266740
829266740
829266740
829266740
829266740
829266740
829266740
829458909
829651219
829668597
830062411
830723002
830723002
831347517
831347517
831398362
831404583
831404583
831404583
831510211
832491809
833318407
833501730
833609074
83375587
83468129
83468129
835172369
835526164
835549535
835549535
835549535
835882829
835882829
836769352
836769352
836854536
837040016
837040016
837188646
837268813
837268813
837360744
837421140
838420061
83851109
838518300
838909822
838946069
838946069
838946069
839269769
839269769
839407277
839840419
840084782
840248026
840248026
840463224
840589523
841759677
841809677
841910127
84212511
842514895
842521125
842650673
842754096
842754096
843703088
843703088
843703088
843703088
843703088
843703088
843703088
843703088
843863501
844152847
844152847
8442482
8442482
844263222
844455366
844783411
845217350
845697367
846062547
846062547
846062547
846062547
846062547
846062547
846062547
846062547
846062547
846062547
846062547
846062547
846121865
846121865
846121865
846347314
846545688
84688415
847552914
84804952
848137753
84818603
84825055
848341621
848381140
848381140
84863356
848964490
850868791
851090558
851793633
852155933
852717518
852949636
852949636
853206610
853347946
853347946
85377715
85377715
853788468
853788468
853788468
853788468
853906105
853906105
853906105
854112376
854112376
854112376
854345821
854345821
854370532
85440097
854889674
854906471
85518108
85518108
85518108
855352034
855352034
855903037
856000847
856467556
856515862
85698005
85720239
857316265
857450764
857864614
857923687
857923687
857982079
858318999
858561211
859063001
859063001
859073549
859175117
859175117
859366189
859565944
859859490
860825367
860884682
860884682
860884682
861523082
8619217
8619217
862250199
862845979
862845979
863100995
863404514
864257558
864825467
864957278
864957278
864957278
865015256
865023266
865023266
865023266
867048609
867241129
868000276
868234371
868365479
868401290
86840591
86840591
868940788
869135660
869135660
869170622
869240580
869240580
869573201
869573201
869830455
870592412
870842058
870958803
870968717
871440353
87169065
87169065
871827197
871827197
872568687
872568687
872717314
872821543
872863959
872863959
873116544
873116544
873116544
873127255
873189191
873348435
87346279
873499451
874515445
874515445
874684982
874858740
875408423
875408423
876583836
876642862
876642862
876810900
87719385
87719385
877239393
877368404
877368404
877463784
87770699
877847312
877881596
877921727
879297683
879319057
879319057
879319057
879319057
879319057
879319057
879319057
879319057
879319057
879319057
879319057
879319057
879319057
879319057
879319057
879319057
879319057
879319057
879319057
879319057
879319057
879319057
879319057
879319057
879319057
879541746
879541746
88005298
880377465
880460698
880460698
880908728
881014506
881167411
881361077
881361077
88211896
882163178
882178125
882393531
882486692
882939012
883917886
884219375
884543747
88529599
885930531
886652881
886692113
887358849
887434365
887545020
887577572
887650974
888030084
888030084
888030084
888030084
888030084
888059524
888454147
888749714
890149026
890723514
89077188
89079645
891016193
891918344
89193166
892654736
892772435
892987346
89377692
893861753
894066381
894364836
89441353
89441353
89441353
894627049
895883504
895980282
896452286
896452286
896452286
896452286
896452286
896452286
896577334
896672190
897214430
897384773
897384773
897674051
897909419
898175611
898371028
898688247
899112115
899250462
89974743
89974743
89974743
900044972
900371546
900462900
900462900
900462900
900462900
900462900
900462900
900462900
900462900
900462900
900462900
900462900
900462900
900462900
900524037
901063970
901521302
902163997
902163997
902163997
902240742
902496964
902581838
902868783
903035071
903035071
903125398
903330730
903330730
903886718
904569775
904569775
904569968
904569968
904977384
904977384
905340518
905347519
905706056
905917618
905917618
905986637
90627104
906411515
907059701
907291850
907291850
907407538
907407538
907407538
907407538
90774528
907889704
908846386
908847609
909561008
909868578
91033686
910766772
910900154
910900154
910900154
910900154
910900154
910900154
910900154
911591148
911932959
912771930
913005047
913005047
913017355
913086273
913086273
913086273
914026402
914026402
914211226
914233520
914233520
914654230
91480462
91486569
915128333
915418648
915455033
915528414
916594821
916692284
916893093
917285116
917637253
918378508
918624977
918624977
918624977
918624977
918770485
919239019
919373839
919601587
919601587
919601587
919601587
919744947
919744947
920022407
920022407
920522728
920537904
921065473
921202516
921645890
922008804
922958065
922995700
923059268
923144890
923541970
923567316
923583947
924322502
925558508
925558508
925741889
926565177
926784375
926784375
927293345
927357236
927398369
92768849
927755747
927755747
927755747
927755747
928300136
929151668
929157076
929413539
929549412
929574033
929884077
929884077
929941088
930023745
930028744
930245759
930431994
931307207
931531496
931674312
931710342
931916670
932312721
932312721
932364237
932766568
932766568
933504291
933815760
934177627
934400771
93495972
93495972
93495972
93495972
935009971
935356907
935537438
935849679
936413884
936772181
936868631
936868631
936909874
937021325
937021325
937021325
937221751
937221751
937221751
937221751
937221751
937221751
937612470
93816562
93816562
93816562
93816562
93816562
93816562
93816562
93816562
93816562
93816562
93816562
93816562
93816562
93816562
93816562
93816562
93816562
93816562
93816562
93816562
93816562
93816562
93816562
93816562
93816562
93816562
93816562
93816562
93816562
93816562
93816562
93816562
93816562
93816562
93816562
93816562
93816562
938266069
938410555
938410555
938410555
93951707
939679332
939817747
9404924
940531555
940531555
940561470
940561470
940561470
940561470
940561470
940561470
940561470
940561470
940561470
940561470
940561470
941410589
941494267
941740259
941740259
941770195
941770195
941770195
941770195
941770195
941770195
941770195
941770195
941770195
9429257
9429257
943076264
943149546
94353216
943894254
943894254
944245523
944245523
944554230
944554230
944554230
944554230
944554230
944554230
944554230
9445844
94475997
94529590
946855197
947574601
947574601
948344990
948344990
948344990
948344990
948344990
948344990
948894926
94983178
950170023
950170023
950170023
950959064
950959064
950959064
951327357
951327357
951327357
951327357
951327357
951327357
951327357
952231286
952309576
953193650
953237422
953390251
953470793
953495066
953827298
953827298
953831604
953831604
95412366
95412366
95412366
95412366
95412366
95412366
954159974
954270644
954270644
954675172
956054538
956360618
956656442
957162488
957162488
957834724
95791973
958260201
958260201
958488208
959001724
959579423
959579423
959579423
959598575
959753625
960029188
960029188
960192509
960192509
960192509
960237782
960284248
960985239
960985239
960997643
961150783
961261650
961261650
961704050
9620726
9620726
962856320
962868136
962958375
9632738
9632738
9632738
9632738
9632738
9632738
9632738
9632738
9632738
9632738
9632738
9632738
9632738
9632738
9632738
9632738
9632738
9632738
9632738
9632738
9632738
9632738
9632738
9632738
9632738
9632738
9632738
9632738
9632738
963416996
96342333
964166056
964193569
964193569
964365469
964757475
965052844
965052844
96517152
965545768
965983273
966205598
966205598
966329377
966329377
966329377
966329377
966513186
966513186
966513186
966513186
966513186
967160970
967232438
967591148
96770875
96770875
968345385
96839050
96839050
968560876
968641516
968985772
969085049
969103944
969268100
969973930
970996798
970996798
971155909
971155909
971655419
971870132
972155591
972265969
972265969
973138477
973138477
973138477
973138477
973845141
974174727
97471904
975155293
975196990
976128464
976484277
977000479
977000479
977107685
977191911
977480037
978202209
978655354
979958610
980394581
981002815
981104076
981104076
981104076
981104076
981104076
981104076
981104076
981104076
981104076
981816138
982029524
982206081
982652132
982652132
982914176
982914176
983770487
985056418
985373562
985489280
985489280
986488005
986488005
986488005
98670297
986802312
987838908
988738436
989426021
990344076
990344076
990344076
990344076
99041831
990695172
990907940
991470923
991706894
991706894
991834329
991967636
991967636
991967636
991967636
991967636
992326428
992326428
992326428
992326428
992326428
992326428
992326428
993248094
994333748
994527755
994527755
994527755
994527755
994527755
994829140
994829140
994829140
994890311
995549094
995549094
996489093
996891724
997053314
997248582
997248582
997248582
997248582
99741208
997602666
997602666
998895209
999720718
999720718
999720718
999720718
999720718
999720718
product_parent
