100047036
100047036
100047036
100047036
100047036
100512538
100541689
100836106
10090426
101368587
101502671
101502671
101502671
101502671
101502671
101742005
101882262
101882262
102914149
102914149
102914149
102914149
103034733
103869439
104318571
104318571
104318571
104318571
104360987
104360987
104360987
105145907
106563437
106563437
10670133
10670133
10670133
106791265
106791265
106791265
106791265
106791265
106791265
106791265
10707045
10707045
107542459
107731981
107757265
107790841
108403123
108591492
108613172
108613172
10920337
109782764
109782764
109782764
109782764
109782764
109782764
109782764
110332839
110332839
110332839
110796825
110796825
111105996
111137011
111257138
111257138
111513502
11163800
11163800
11163800
11163800
111838788
111850715
111850715
111934565
113139067
11315741
113400896
113602102
11362581
11362581
11362581
11362581
113810823
113810823
113810823
114000663
114263407
114458594
114743687
114845888
115882645
116831911
116951062
117021262
117036067
117036067
117036067
117036067
117036067
117036067
117182852
117182852
117274195
117734468
118508203
118616345
119148606
119148606
119148606
119148606
119148606
119148606
119148606
119161269
119365064
120358240
120446899
120536209
121115175
121115175
121325027
122331424
12253666
12261399
122724519
122924047
123412091
123690121
124225612
124696454
126004443
126004443
126004443
126033523
126318696
126851593
128474717
128993041
128993041
129523800
13007547
130125478
130380301
130380301
130380301
130380301
130380301
13141216
13141216
132067242
132067242
132159475
132302573
132393609
132646905
132646905
132654622
132712094
133205692
134579525
134579525
134579525
134652090
134741019
134970524
13526192
13526192
13559916
136010849
136010849
136010849
136010849
136010849
136260428
136914857
136966982
136984573
137163005
137265434
137422612
137917341
137917341
138260184
138697351
138697351
138697351
138697351
138786550
138989481
138989481
139614343
140639925
140639925
140639925
140639925
140639925
140639925
140639925
140639925
140639925
141395379
141395379
141395379
141395379
141755491
142066990
14211354
14211354
14261006
1433581
14346102
143601567
144241122
144241122
144324129
144324129
144324129
144324129
144324129
144324129
144324129
144324129
144324129
144324129
144324129
144324129
144737856
144833244
145822615
146234301
146580232
146904556
146974928
147054708
147054708
147054708
147054708
147054708
147054708
147054708
148127986
148127986
148127986
148127986
148127986
148127986
148127986
148127986
148127986
148127986
148127986
148127986
148127986
148705799
148705799
148705799
148705799
149072170
149208349
15011576
150529963
150529963
150529963
150581703
150581703
150582787
150582787
151155292
152010580
152178043
152230011
152230011
15233070
152484099
152484099
152484099
152781040
152918541
153315946
153568791
153597720
153597720
153810577
153810577
153919204
154239672
154239672
154239672
155319368
155458601
155458601
155458601
155599171
155599171
155730994
155730994
155730994
155730994
156264553
156264553
156264553
156264553
156264553
156264553
156264553
156264553
156348512
156740039
157754728
158420220
158420220
158694092
158805092
159127407
160477630
161060786
161411385
161411385
16141818
161499503
16203310
16203310
162064352
162354237
162354237
162354237
162354237
162354237
163259484
164291225
165094332
165338194
165338194
165338194
165441355
165441355
165441355
165599305
165777784
166408515
166408515
167109816
167276143
167297708
16778583
168733944
169217716
169791471
169791471
169791471
169861926
169894363
169898603
170153520
170904405
170904405
170904405
17146931
17146931
17146931
17180343
172233306
172233306
172233306
172233306
172233306
172233306
172233306
172381274
172381274
172477008
17261433
172799737
172799737
172799737
172799737
172799737
172799737
172799737
172799737
172799737
172799737
172799737
172799737
172799737
172799737
172799737
172799737
172799737
172799737
172799737
172799737
172799737
172799737
172799737
172799737
173145556
173145556
173145556
173145556
173251412
173322948
173475712
173475712
173475712
174114692
174120437
174302266
174964168
174964168
174964168
174964168
175463472
175463472
175488699
175488699
175757618
176045964
176579607
177893655
178375143
178375143
178375143
179027143
179267182
180464031
180464031
180860858
180860858
181152772
181603380
182359143
182408519
18309293
183194229
183194229
183194229
183194229
183194229
183194229
183642185
183808905
183808905
183970128
183970128
18425811
184379661
184585252
184830817
184830817
184830817
185081805
185475970
18577350
186101103
186139016
186187358
186189824
186210173
186674774
186739157
186739157
186798710
187428835
187661480
187668969
187668969
188274690
188665838
189271773
189653028
189675891
189675891
189891237
190289433
190634853
191313334
191341525
191341525
191341525
191357398
191622922
191886041
192031971
192031971
192031971
192031971
192377568
192426682
192426682
192426682
192590152
192590152
192590152
193148503
193188380
193295427
193295427
193302200
19426764
194529374
194529374
194578547
194578547
194578547
194810225
194872415
19491384
194944816
195531545
195719049
195719049
195719049
195735753
195769528
196206680
196206680
196833387
196833387
197838110
198707548
198764347
199105895
199314128
199753377
199753377
199830611
199830611
20009569
200199751
200571274
201087508
201134370
201134370
201134370
201899660
202105802
202105802
202243490
202243490
202842149
202948938
203431969
203465797
203465797
204468585
205149289
205149289
205149289
205345549
205379158
205379158
205379158
205379158
205844402
205844402
205844402
205851698
206193712
206193712
206449098
206449098
206450753
206450753
206450753
207372259
207372259
207372259
207372259
207386447
207386447
207716133
20773668
20773668
20773668
207745165
207991597
208059136
208059136
208059136
208698540
208953261
208953261
208987230
208987230
208987230
208987230
20900015
209001825
210216743
210257193
210396527
211761397
211761397
21189428
212580958
212626283
212807922
213667509
213667509
213667509
213667509
213667509
214032513
214032513
214037383
214775024
214775024
214775024
214775024
215108943
215641754
217086792
217499613
217769125
21851633
21851633
218540584
218540584
218664295
218937759
218937759
21936933
21936933
219463060
219579312
219714114
219993862
219993862
219993862
219993862
220980551
220980551
221101701
222172186
22268474
222797251
223592121
223858674
224139336
224139336
224139336
224139336
224139336
224139336
224139336
224431936
224529197
224546012
224546012
224546012
224747269
225313210
225472
225472
226649058
226740405
22701133
22701133
22701133
22701133
22701133
229079282
229079282
229209566
229637913
229656254
230284524
23041202
230505949
230525282
230575543
230943345
231538480
231933331
232868658
233654963
234234083
234684172
235125959
236090196
236259527
236746304
236885555
236885555
23694668
23694668
236964722
237154649
237373262
237603718
237603718
238070099
238231811
23842076
238463211
238778265
240481447
240695992
240916701
241285325
241285325
241676942
241785351
241785351
241785351
241785351
241785351
241785351
241785351
241785351
241785351
24249899
24249899
24249899
24249899
242596904
242596904
242596904
243015233
243110428
243196586
243326488
243657408
243657408
243971152
2441514
2441514
244781669
245425611
245449872
245449872
245449872
245449872
245449872
245449872
245449872
245449872
245449872
245449872
245449872
245449872
245449872
245449872
245449872
245449872
245449872
245449872
245449872
245449872
245449872
245449872
245449872
245449872
245449872
245449872
245449872
245449872
245449872
245449872
245449872
245449872
245449872
245449872
245449872
245449872
245449872
245449872
245449872
245449872
245449872
245555180
245555180
24586354
246201037
246431032
247262520
247872521
248144974
248300163
24907154
24907154
24917773
24917773
24917773
249510863
249874917
249874917
25029054
25029054
25029054
251269761
251345727
251345727
251345727
251345727
251345727
2514457
2514457
251516477
251535831
25245237
252462303
252503117
252503117
252503117
252807323
252825747
253177373
253604632
253759773
254488062
254488062
254847827
254998502
254998502
254998502
255137298
25717469
25717469
25717469
25717469
257857793
257857793
258212292
258212292
25936156
259980850
260194706
260194706
261534602
261534602
261534602
261669516
262469259
262600610
262600610
262841060
262841060
262841060
262841060
263030469
263046246
263046246
263046246
263046246
263069584
263154361
263154361
263576084
263659161
263659161
263664915
264457123
264716684
264913158
265040255
265040255
265040255
265040255
265040255
265040255
265040255
265040255
265040255
265040255
265040255
265040255
265040255
265040255
265040255
265040255
265040255
265040255
265040255
265040255
26513432
265314196
266148124
266526868
266526868
266526868
266911588
266911588
266911588
266911588
266911588
266911588
266911588
267189775
26800118
26800118
268067011
268067011
268067011
268067011
268067011
268067011
268067011
268067011
268067011
268067011
268067011
268067011
268105087
268271596
268461622
2686360
268943254
269070743
269451290
269487968
269714467
269714467
269868439
270013612
270144228
270275195
270275195
270668853
270775562
270775562
270786097
271429756
271429756
271429756
271429756
271429756
271429756
271429756
271429756
271429756
271429756
271429756
271429756
271429756
271429756
271429756
271429756
27200380
2720065
272015680
272088925
272192261
272375466
272798763
272798763
272798763
272798763
272798763
272798763
273127372
273127372
273127372
273127372
273127372
273127372
273127372
273127372
273239820
273722589
273722589
274604361
274604361
274604361
274604361
274604361
274604361
274604361
274604361
274946566
274946566
274946566
274946566
274946566
274946566
274946566
27502062
275786765
275849620
276133805
276133805
276394270
276394270
276394270
276394270
276394270
276394270
276394270
276394270
276527221
276703360
276973627
276973627
277038725
277038725
277038725
277335936
277335936
277335936
277335936
277335936
277335936
277339148
277507408
278135564
278368308
278393268
278393268
278393268
278393268
278393268
278393268
278393268
278393268
278393268
278393268
278393268
278393268
278432025
278806060
279219142
27925238
279863070
279863070
280647622
281043357
281112310
281370524
281387686
28147631
281771294
281834042
282676542
282676542
282981210
283264319
283264319
283264319
283277710
283277710
283277710
283713776
285093403
285171721
285205590
285538061
285538061
285766066
286403406
286542630
286542630
286542630
286665327
287179638
287268261
287487704
288937018
289444103
289904881
290426004
290426004
290782342
290796155
290859095
290899128
290899128
290976617
290976617
290976617
290976617
290976617
290976617
290976617
291187518
291565247
291565247
291569163
294246694
294246694
294246694
294246694
294361096
294603619
294977557
295152250
295152250
295432959
295432959
295509404
29636221
29636221
29636221
296926666
297487116
297487116
297611523
298194806
298194806
299488304
299513608
299686786
29995158
300096985
300096985
300222272
300808720
301265489
301265489
301265489
301648434
301648434
302358662
30281088
303846939
304115147
304141589
304325734
304394179
304394179
304834265
305141669
305442744
305495785
305631023
305895044
30676578
307438354
307563451
307625827
307625827
307625827
307625827
307625827
307625827
307844923
3080012
308083693
308083693
308083693
308107727
308107727
308120128
308191456
308191456
308191456
308690151
309096838
309449616
309710589
30996242
30996242
30996242
310046573
310720077
310957228
310989517
311006718
311054036
311515637
311816036
311878254
311878254
311878254
311878254
312120626
313269676
313269676
313441559
313696235
314159245
314318405
31448250
314512751
314605467
314669849
314674499
314993871
315264404
315264404
315416156
315416156
315416156
315416156
315416156
315507905
315524267
315778405
316131050
316197610
316324996
317139448
317544743
317675303
31782611
31782611
318377142
318420937
319041562
319480545
319706203
319706203
319706203
320311173
320657881
320657881
320666006
321115447
322592100
323223296
323223296
323449685
323866563
324116661
324116661
324116661
324116661
324116661
324116661
324387407
324449729
324449729
324449729
324449729
324449729
324449729
324819033
32487280
324927170
324949909
325049400
325149251
325149251
325149251
325299174
32594540
326848133
326848133
326848133
326848133
326848133
326942306
326942306
326942306
327243299
327243299
327243299
327380057
32758861
32781564
32781564
327838443
328975093
328975093
329372949
329450492
329595013
329595013
32962627
32987082
330830489
330830489
331009237
332138679
332313391
332949237
332949237
333044434
333044434
333044434
333044434
333044434
333318672
333371462
333371462
335112421
335112421
335132896
335132896
335319964
335562513
335815469
335815469
335815469
335815469
335815469
336112780
336451311
336767300
337091479
337091479
337091479
337184008
338299933
338299933
338391747
338391747
338442261
3385013
338747013
339227896
339242307
339242307
339784552
339916413
33999288
340622647
340684550
341710766
341957511
342956898
343185803
343185803
343185803
343185803
343185803
343185803
343185803
343185803
343185803
343185803
343185803
343185803
343185803
343185803
343185803
343185803
343185803
343185803
343185803
343185803
343185803
343185803
344621438
345007076
345007076
345007076
345007076
345007076
345007076
345007076
345007076
345007076
345007076
345007076
345007076
345007076
345007076
345032158
345456653
345456653
345456653
34549599
345873941
346106080
346106080
346106080
346530310
346985014
347274879
347931068
34804593
348227423
349055466
349778282
349778282
350376070
350804001
351134902
351172034
351620851
351620851
351920537
352077323
352206639
3523229
3523229
352404437
352404437
353098566
353281594
3534159
353800831
354573823
354573823
354933056
354933056
354960719
354960719
354960719
354960719
355813130
356054176
356086275
35624206
356358470
357226172
35796752
35796752
358640633
358640633
359024364
359024364
359024364
359024364
359342335
359812143
360362606
360723551
360896851
361300810
361393470
361884839
361927982
361927982
362364065
362590751
362925721
362925721
363142287
363142287
363155018
363155018
363183705
363585395
364017264
364017264
364017264
364017264
364052641
36421758
364448576
36488461
36488461
36488461
36488461
36488461
36488461
36488461
36488461
36488461
365003076
365202529
365540285
365540285
366130389
36653526
36653526
36653526
36653526
36653526
36653526
36653526
36653526
36653526
36653526
36653526
366737244
367056624
36754643
367574520
368090502
368367627
368843515
369006354
37003538
370206005
370420344
370420344
370420344
370420344
370420344
370420344
370420344
370420344
370420344
370420344
370420344
370420344
370420344
370420344
370420344
370420344
370875391
370875391
370980483
37107707
371110390
371110390
371110390
371110390
371110390
371110390
371110390
371110390
371110390
371110390
371559044
371714764
372327958
372327958
372936156
372936156
373812545
373978972
373978972
375555910
375860518
375860518
37602520
37602520
376100603
376100603
376350841
376350841
376350841
376802194
376856659
37704104
377508071
377550314
377797162
377805808
378860404
378860404
378860404
37897307
379608627
379608627
380266608
380266608
38096754
38096754
381079860
381606805
381606805
382448153
382448153
382448153
382868174
382868174
383482391
383482391
383482391
383727435
383876531
383876531
383986439
384352211
384417902
385625887
386232840
386512526
386512526
386743813
386754346
386754346
386764495
386765193
387357199
387357199
387357199
387357199
387357199
387601255
387872781
388882348
388925876
389011873
389283901
390250393
390250393
39162938
39162938
391656506
39213084
392187356
39220992
392713584
392730586
392901809
393507760
394216645
39431514
39495389
395066629
395400296
395632662
395632662
397241231
397545392
397576776
397576776
397576776
397860632
397972384
397972384
398172574
398174964
398295507
398952310
398952310
399042280
399135440
399135440
399135440
399135440
399135440
399909590
399909590
400021290
400840444
400840444
400840444
400840444
400840444
400840444
400840444
400840444
400840444
400840444
400840444
401186588
401241422
401439625
401439625
401439625
401439625
401451117
401649414
401858789
401858789
401864376
401864376
401962608
40197177
4020231
402452163
403693858
40427521
40427521
404458421
404458421
404458421
404491651
404574751
404574751
404614863
404640137
404640137
404640137
404640137
404640137
405125762
405161999
405327590
405489275
405618230
405926648
405926648
405971410
405971410
406324684
406597879
406597879
406597879
406597879
406996821
40709061
407334826
407346815
407523545
407523545
407523545
408517098
408648253
408669941
409016811
409346534
409346534
409346534
40970689
410096714
410096714
410362762
410417477
410417477
410467783
41069447
410760130
410760130
410760130
410955794
411217559
411589988
411629047
412097644
41245927
412586892
412997597
412997597
412997597
41311305
414164481
414375933
414375933
414456449
414486782
414486782
414486782
414486782
414486782
414486782
414486782
414486782
414486782
414486782
414486782
414663690
415239499
415239499
415286031
415286031
415406178
415557553
415740513
41584107
41584107
41584107
415924114
415924114
416011193
416034816
416624720
416624720
416624720
416891405
417465375
418918396
418918396
419222180
419560728
419595190
419595190
419595190
419595190
419762256
419839238
41984783
41984783
420303305
420506996
421481142
421481142
421481142
421596811
422504338
422529047
422529047
422813013
423204361
423318367
423318367
423318367
423318367
423318367
423318367
423318367
423318367
423318367
424193561
424220149
425165783
425362981
426404800
426404800
427063047
427621727
427621727
427621727
427796061
428175406
429008845
429068636
429411831
430284718
430721547
431830785
432166682
4323927
432449692
433082915
433082915
433252283
433252283
433252283
434137361
434137361
434155226
434155226
434290834
434546069
434546069
434546069
434546069
434911999
434911999
434911999
434911999
434911999
435106875
435106875
435106875
435106875
435106875
435106875
435123413
435123413
435350646
43596847
436043288
436043288
436223062
436223062
436223062
436223062
436223062
436223062
436223062
436223062
436223062
436223062
436223062
436223062
436582447
436582447
436582447
436582447
436614088
436698575
436698575
43785910
438363613
438645704
438923809
43936206
43936206
440237161
440262516
440336423
44034493
44034493
44034493
44034493
44034493
44034493
440492338
44111494
441658764
441948947
441948947
441948947
441948947
441948947
441948947
442467296
442467296
442467296
442467296
442467296
442467296
442467296
442467296
442467296
442467296
442467296
442467296
442467296
442467296
44310359
443634911
443780368
444337804
444469358
445465822
445905602
445905602
446061669
447372604
44755279
448258995
448527829
449780137
450475749
450583522
450583522
450583522
450641403
451814763
452079389
452079389
453141926
453141926
453985156
453985156
453985156
454338914
454769764
455223211
455223211
455265042
456953883
456953883
456953883
456953883
457043295
457561166
457791050
457877405
457877405
458131002
458436371
458864358
459483513
459483513
459613388
459613388
459613388
459613388
459613388
459613388
459613388
459613388
459613388
459613388
459613388
459613388
459613388
459613388
459613388
459613388
459613388
459613388
459613388
459613388
459613388
459613388
459613388
459613388
459613388
459786577
459979615
460070474
460392862
460466416
460483988
460704680
460704680
460735833
461527938
462394342
462714950
46324555
46324555
46324555
46324555
46324555
46324555
46324555
46324555
46324555
46324555
46324555
46324555
46324555
46324555
46324555
46324555
46324555
46324555
46324555
46324555
46324555
46324555
46324555
46324555
46324555
46324555
46324555
46324555
46324555
46324555
463463286
463707544
463707544
463779864
463783108
464759152
465453494
46596785
465996227
465996227
466464022
466464022
466464022
466464022
466708706
466708706
466708706
466708706
466708706
467228901
467243338
467409231
467409231
467463231
467980841
468295589
468412766
468695177
468695177
468752819
468752819
469397003
469819328
470421350
470475974
470946846
470946846
471557934
471557934
472324974
472324974
472324974
472494397
472494397
472850820
472989355
473125360
473125360
473764126
473764126
473764126
473764126
473764126
473856475
473856475
474654167
474654167
474654167
474654167
474654167
474654167
474654167
474716441
474862339
475035706
47504452
47504452
47504452
47504452
47504452
47504452
47504452
47504452
47504452
47504452
47504452
47504452
47504452
475209987
475611047
475611047
476185983
476505489
476505905
476505905
476714741
476810917
476810917
477457103
477483041
47773965
477779659
478272278
478807187
478822638
478822638
478822638
478822638
479521754
479588170
479653489
479653489
479653847
479653847
480391971
480394183
480476510
481677245
48177727
482060608
48260092
482885520
483124263
483124263
483430948
483974400
484131316
484176254
484203895
48429356
48429356
48429356
484638351
484638351
484638351
484638351
484638351
484684205
484698242
485062705
485103504
485103504
485491053
485508157
485870262
486338256
48704102
48704102
487103809
487115939
487423222
487775278
487932740
487932740
488246640
488246640
488246640
488246640
488246640
488246640
488246640
488246640
488246640
488246640
488246640
488246640
488246640
488246640
488246640
488246640
488246640
488246640
488246640
488246640
488246640
488246640
488246640
488246640
488246640
488246640
488246640
488246640
488246640
488246640
488246640
488460791
488460791
488460791
48884393
488844034
488844034
488844034
488844034
489179901
489399351
489441269
4895975
489718760
490050721
490050721
490050721
490050721
490050721
490050721
490050721
490050721
49010179
490387818
490387818
490387818
490387818
490520805
49084163
490904244
491593704
491954897
492003989
492017396
492287141
49269248
49269248
492836758
493045575
493045575
493045575
493045575
493045575
493045575
493269119
493938415
493938415
494691696
494861350
495076741
495196763
495196763
495196763
495196763
495389744
495504924
49567875
49567875
49567875
49567875
495882719
496201564
496520461
496729329
496907639
496907639
497365841
497365841
497936246
497987711
498232276
498320597
498320597
498498058
498544753
498635851
498702197
499218489
499218489
499626124
49980879
49980879
499988514
500377438
500377438
500377438
500607622
50082209
500825787
500825787
500825787
501094475
501935440
502040858
502503276
502638185
502638185
502638185
502638185
502638185
503057596
503057596
503057596
503057596
503057596
503057596
503390821
503390821
503390821
503712295
503903989
503903989
503903989
504321048
50433013
504741601
504741601
504741601
504881597
505071894
505319200
505357275
505357275
505814004
506190668
506373943
506443868
506512099
507067310
507528116
507681853
508070342
50861192
50861192
50861192
508730070
508730070
511419057
512219994
512400821
513071024
514065787
514295639
514351260
51439314
514416658
514745647
514940909
514940909
514940909
514940909
514940909
515249324
515249324
515350389
515350389
515641299
516548029
517199286
51730456
51766226
517719547
517719547
517719547
518135253
518135253
518273828
518273828
518765985
518802569
518802569
518868881
518868881
519073536
519073536
519073536
519073536
519073536
519073536
519073536
519073536
519073536
519073536
519073536
519315001
519315001
519733365
519743815
519845136
520653340
520653340
520653340
520653340
522042234
522302186
523706930
523706930
523706930
523706930
523706930
52387917
52387917
525111637
525373071
525565389
525648304
525718518
525998596
525998596
526729375
527249565
527249565
527249565
527249565
527249565
527249565
527656876
527656876
527704668
528269678
52836725
528378466
529140584
529216281
529664575
529664575
529664575
529664575
529800287
529898130
530484605
530546487
530546487
530546487
530546487
530546487
530546487
530546487
530546487
530546487
530546487
530546487
530546487
530546487
530977710
530977710
530977710
531102919
531102919
531331909
531758984
533812560
534166270
534555732
534555732
534568128
534568128
535517408
535676237
535832345
535832345
535832345
535832345
536113016
536113016
536113016
536113016
536113016
536757221
536757221
536757221
536905936
538150263
538150263
53815042
538573739
538573739
538573739
540480023
540480023
540640723
54157679
541673691
541673691
54239103
543062387
543062387
543062387
543615555
543839192
544313165
544385617
544521984
545270466
545270466
545270466
545270466
545270466
545270466
545270466
545270466
545270466
545270466
545270466
54634765
546505387
546885978
547219631
547440044
547677342
548822791
549238704
549305201
549456361
549456361
54983106
54983106
54983106
549999518
550298260
550298260
550594085
550594085
550966368
551005158
551005158
551407899
551407899
551976960
552016498
55236834
552668905
552668905
553080263
553167456
553316678
554601750
55490378
55490378
55490378
55490378
55490378
555229230
555242753
556487837
556487837
556487837
556989745
557379745
557379745
558143018
558233911
558420564
558593095
558593095
558962406
559943008
560423029
560423029
560580468
560686547
560815997
560815997
560815997
561024714
561380983
561457163
561457163
563020467
563493958
563493958
564071965
564071965
564071965
564115897
564115897
564411838
565955686
566597729
566726433
566726433
566726433
566726433
566963869
566963869
566963869
567907266
568395116
568603637
568859470
568859470
568997377
568997377
568997377
568997377
568997377
568997377
569156287
569156287
569156287
569156287
569156287
569156287
569156287
569156287
569391254
569391254
569473707
569473707
570285468
570285468
570285468
571164135
571684273
571692701
574276231
574436645
575221740
57594679
57594679
576721878
576844294
576844294
576844294
576844294
576844294
576844294
576844294
576844294
576844294
576844294
576844294
577003747
577507568
577507568
577609284
578182527
578182527
578182527
578182527
578182527
578182527
578182527
578182527
578520888
578520888
578520888
578520888
578520888
578914765
579158200
579560912
579560912
579654184
580463402
580463402
580713451
580713451
581112910
581112910
581112910
581643936
581648491
582342907
582629146
582629146
582629146
582629146
582629146
582629146
582629146
582629146
582629146
582629146
582629146
582629146
582629146
582629146
582629146
582629146
582629146
582629146
582629146
582629146
582629146
58345096
58345096
583507183
583611354
583611354
583611354
583611354
583611354
583675969
583675969
583749814
583749814
584503127
584503127
584503127
584503127
584503127
584503127
584711780
584711780
585109048
585109048
585109048
585109048
585109048
585109048
585109048
585109048
585253153
585603303
585880822
585939348
586287668
586361658
586361658
586361658
586496321
586496321
586496321
586496321
586496321
586496321
586496321
586496321
586496321
586884590
586990239
587492563
587682725
588011834
58840195
588556248
588640480
588640480
588640480
588640480
588640480
588640480
588798417
588798417
589013680
589240061
589240061
589417029
589417029
590298307
590459143
591403306
591403306
591539523
591539523
591539523
591593103
591593103
591619602
591619602
591675305
592331046
592331046
592331046
592331046
592331046
592331046
592331046
592455916
592455916
59248819
592774530
592774530
592774530
593367180
593367180
593367180
593367180
593367180
593534204
593911119
594825616
594825616
595283860
595661111
596037688
596487235
596831422
598577756
598577756
598754847
599109774
599109774
599109774
599109774
599125606
599137545
599414071
600191340
600191340
600633062
600633062
600633062
600633062
600633062
600633062
600633062
600633062
600633062
600633062
600633062
600633062
600633062
600633062
600633062
600633062
600633062
600633062
600633062
600633062
600633062
600633062
600633062
600633062
600633062
600633062
600633062
600633062
600633062
600633062
600633062
600633062
600633062
600633062
600633062
600633062
600633062
600633062
600633062
600633062
600633062
600633062
600633062
600633062
600633062
600633062
600633062
600633062
600633062
600633062
600633062
600633062
600633062
600633062
600633062
600633062
600633062
600633062
600633062
600633062
600633062
600633062
600633062
600633062
600633062
600633062
600781030
600843241
600843241
600843241
600843241
60116006
60124605
601329925
601608572
601742822
601985049
602165367
603081829
603106378
603106378
603106378
603106378
603347796
603400447
605088451
605389316
605389316
605389316
605389316
605389316
605389316
605389316
605389316
605389316
605389316
605389316
605389316
605389316
605389316
605389316
605389316
605389316
605389316
60591995
606694909
607245577
607348878
608143539
608155337
608155337
608155337
609458736
609458736
610005050
610005050
610032876
610193099
610193099
610193099
610193099
610193099
610193099
610860641
610952534
610952534
610952534
613030236
613411117
613666743
613676928
614060630
615885076
615885076
615885076
615885076
615885076
615885076
615885076
615885076
615885076
615885076
615885076
616977006
617932423
617932423
617932423
618075332
618710361
618772576
619111690
619489958
619642663
619802313
619936895
620260654
620521357
620521357
620521357
620521357
620521357
620680702
620680702
62089075
621061857
621104807
6213846
6213846
6213846
6213846
6213846
6213846
6213846
621625599
621754024
621859936
622060881
622092489
622332427
622694497
622694497
623232098
623336330
623336330
623336330
623336330
623336330
6237096
623825406
623825406
624003712
624003712
624587955
624825968
624825968
624825968
625051637
625051637
625051637
625051637
625051637
625277442
626300995
626650351
626650351
626650351
626709737
62690672
62690672
62690672
62690672
62690672
62690672
627130713
627214462
627223385
627793267
627793267
627793267
627793267
627793267
627793267
627793267
627793267
627793267
627793267
627793267
627793267
627793267
627793267
627793267
627793267
627793267
627793267
627793267
627793267
627793267
627793267
627793267
627793267
627793267
627793267
627793267
627793267
627793267
627793267
627793267
628265071
628269477
62832863
628517067
628517067
628625166
628660742
628660742
62909341
629107953
629107953
629224627
629453936
629490289
629652945
629832084
629832084
630146457
630304580
630304580
630304580
630304580
630304580
630304580
630820109
630820109
630820109
630820109
630820109
630820109
630820109
631729024
632021160
632021160
632021160
632021160
632021160
632021160
632125402
632125402
63233157
632364880
632407006
633378833
63372536
63372536
63372536
63372536
633905951
633905951
634552481
634552481
634552481
635124805
635355086
635355086
635355086
635355086
635355086
635355086
635706820
635987161
636415736
636415736
636860937
637401079
638427618
638644935
638915037
639023000
639057527
639057527
639057527
639057527
639057527
639398340
639451680
639648907
639723484
639723484
640422396
64052811
640785827
640985512
6413212
641692200
641692200
642059001
642059001
642059001
642221268
643077794
643077794
643077794
643887328
643887328
644120444
644120444
644256450
644256450
644256450
644256450
644256450
644256450
644591390
644591390
644798790
645382359
645382359
645382359
645484565
64553547
645970389
645970389
645970389
645970389
645970389
645970389
646020070
646062949
646062949
64709038
647130552
647130552
647130552
647130552
647475881
64825268
64825268
648476560
648877147
649313067
649484660
649794517
649794517
649794517
649798657
649798657
651661638
652578745
652578745
652741483
652741483
652741483
652741483
652741483
65309893
653409458
653409458
654436560
655249150
655343360
655343360
655343360
655914396
656011534
656011534
656030315
656071254
656071254
656381957
656518451
656518451
656813006
657404229
657474034
657474034
657488375
657488375
658059573
658059573
658059573
658330608
659245091
660578565
661176713
661176713
661195539
661195539
661195539
661349080
661524994
661839716
661839716
662530901
663015291
663015291
663015291
663370292
663681053
663912155
663935341
663935341
663935341
663935341
663935341
663935341
664245088
664245088
664245088
664245088
664526021
664578732
664705203
664775757
664817538
665298688
665387440
665387440
665387440
665387440
665813273
665995003
665995003
66691564
667632318
667635859
668052223
668101000
668101000
668148741
668148741
668206727
668238366
668351199
66877953
66877953
66877953
66877953
66877953
669436943
6696857
6696857
6696857
669949894
669949894
669949894
67001439
670195898
670329588
670678600
670988481
670988481
67104856
671348543
671353722
671678446
672024888
672024888
672024888
672024888
672024888
672779469
672855451
672855451
672855451
673139779
674057260
674057570
674057570
674057570
674129177
674569455
674569455
674823524
674889845
674964264
674964264
674964264
674964264
675313834
675366508
675366508
675366508
675366508
675366508
675513042
675513042
675959125
676028219
676694633
676714541
676714541
676714541
676714541
676714541
676727304
676751947
677355216
677999675
678308989
678332854
678427290
678579754
679247557
680083183
680083183
680083183
68069365
680723399
680743346
681026671
681790048
682981764
682981764
682981764
682981764
682981764
682981764
682981764
682981764
682981764
682981764
683131749
683131749
683253309
683554556
683554556
683661569
683661569
683714491
683714491
683714491
684292471
684441710
684441710
684566292
684806676
684806676
685224917
685230282
685230282
685653138
686355815
686701387
687235124
687235124
688013298
688413450
688413450
688413450
688413450
688413450
688413450
688413450
688413450
688413450
688413450
689185098
689208790
689208790
689710544
689710544
689710544
689710544
689710544
689710544
689710544
689785822
689880460
689880460
689880460
689880460
689880460
689880460
69013933
690279143
690824381
690824381
690824381
690824381
690824381
690824381
690824381
690824381
690824381
690824381
690943512
692718196
692840649
693014192
693138560
693403515
693403515
693500238
693824007
69402592
694260409
695098836
695363788
695909370
695958436
696338221
696338221
696901191
697130100
697170351
698075644
698092543
698309095
699545053
700143841
700143841
700769581
700769581
701401373
701401373
701537996
70172076
702006253
702607541
702684475
702791838
702791838
702791838
703257387
703457060
704277640
704373564
704373564
704373564
704373564
704422854
704900292
705757959
705757959
706494512
70682799
708564344
709420844
70988803
710124392
710124392
710124392
710124392
710319176
71050849
710798833
710798833
711071264
711071264
711071264
711476458
711654099
711807648
711807648
712432151
712432151
712432151
712432151
712432151
712432151
712604273
71331977
713569235
714562447
714858738
715581077
715581077
715584435
716335547
716335547
716335547
716335547
71660587
716687953
716687953
717316727
717910574
718237451
718346002
718346002
718534337
718553378
718553378
718741784
71877152
719165743
719165743
719404627
719404627
719404627
719455430
719455430
719455430
719455430
719455430
719455430
719729412
71987220
719928488
720771254
720771254
720804858
720804858
720882374
721431789
721589353
721642833
721926847
721926847
721926847
721926847
721926847
721926847
721926847
721926847
721926847
721926847
722253305
722253305
722253305
723085334
723085334
723768527
723768527
723768527
723902165
724038378
724086367
724300747
724543729
724965575
725027301
72517193
725864791
725932237
726270613
726270613
726270613
726576665
726576665
726576665
726646581
726646581
726968599
726968599
726968599
727252713
727294557
727294557
728158478
72900196
72900196
729049801
729164591
729577583
730316962
730756953
730832242
731430286
731690534
731881208
731881208
732732289
732787830
733405472
733405472
733405472
733469195
733562563
733957225
73424784
734819982
734819982
73497790
73497790
735082297
73538310
73538310
73538310
73538310
73538310
735506465
735506465
73561444
735704263
736777616
736777616
736777616
736777616
736782358
737470244
738178986
738261988
738261988
738281042
738281042
739315173
739315173
740775195
740959130
742010225
742690214
742690214
74316555
743580120
744317075
744358973
744358973
74479503
74479503
745272701
745272701
745272701
745272701
745313603
745313603
745313603
745569170
745613622
745925255
74623610
746796724
746888350
747130042
747632124
747947908
747947908
748478450
748869868
748869868
748869868
748869868
749347117
750174226
750174226
750174226
750174226
750174226
750254307
750466850
750610253
751080608
751080608
751246504
751283357
751492210
751598184
752212580
752212580
752212580
752212580
752212580
752212580
752212580
752212580
752212580
752212580
752212580
752212580
752548767
753166299
753166299
754053510
754219130
754869414
754869414
755132112
755132112
755132112
755132112
755132112
755132112
755132112
755132112
755132112
755132112
75529978
755592923
755592923
756230011
757136861
757136861
757136861
757136861
757136861
757136861
757136861
757136861
757136861
757136861
757136861
757136861
757136861
757136861
757136861
757202356
757202356
757282215
757508657
757508657
757524392
757836253
757981058
757981058
758174477
758289517
758289517
758289517
758289517
75979225
75979225
75979225
75979225
75979225
75979225
759941590
760278522
760278522
760750940
76140034
762035455
762078452
762590339
762590339
762590339
762590339
76307173
763646947
764156575
764225016
764225016
764225016
764225369
764225369
764337022
764577594
764577594
764764343
765011014
765128252
765128252
765128252
765637830
765637830
766020947
766086893
766086893
766400438
766738517
766780411
766780411
766861888
766861888
766861888
766861888
766861888
766861888
766861888
766861888
766861888
766861888
766861888
766861888
766861888
766861888
766861888
766861888
766987623
767134712
76742616
76742616
76742616
76742616
76742616
76742616
76742616
76742616
76742616
76742616
76742616
76742616
76742616
76742616
76742616
767504242
768691620
768691620
768794259
769012496
769273676
769273676
769273676
769273676
769273676
769301644
769381013
769381013
769597820
769597820
770088543
770088543
770088543
770088543
770088543
770088543
770088543
770088543
770497487
770497487
770497487
771051156
771051156
771559369
77213331
77213331
77213331
772954102
773370136
773934124
773991871
774192979
774192979
774379680
774693127
775465067
775843881
775843881
775843881
776026390
776582098
776582098
77682141
77682141
77682141
77682141
77682141
77682141
77682141
777411096
777411096
777591040
778137231
778137231
77842186
779021042
779021042
779873629
779873629
780107782
780302507
780302507
780302507
780570357
780632822
780632822
780632822
780632822
780632864
780863672
780863672
78132355
781343181
781343181
781410454
781410454
781452863
781452863
781565906
781853135
783318160
783403611
783403611
783453816
784047696
784083581
784083581
784083581
784083581
784083581
784083581
784206304
784267948
784752163
785693113
785871630
787190572
787190572
787294726
788088554
788088554
788088554
788088554
788088554
788259484
788349002
788412084
789136653
789420307
789420307
789538805
789800606
790008456
790221947
790221947
790221947
790221947
790221947
790221947
790221947
790221947
790346031
79047793
790669098
790669098
790669098
790848957
790977551
791547247
791547247
791547247
7920965
7920965
7920965
7920965
7920965
792441021
793294452
793425535
793444727
793658361
794365180
794365180
794706430
794901782
795111371
795111371
795276508
795539948
795539948
795539948
795905879
796265984
796316895
796588140
796634761
797142769
797310244
797383488
797661865
797661865
797722478
797722478
798176697
798346352
798420614
798420614
798420614
79852712
79965758
799842383
799895524
799932145
799932145
799932145
800032943
800032943
800032943
800032943
800032943
800032943
800032943
800032943
800758079
800876216
800876216
800876216
800876216
801147302
801147302
801147302
801147302
801147302
801299858
801330299
801692097
801832431
801837857
801837857
801837857
801837857
801837857
801837857
801837857
801837857
801837857
80223098
802352058
802369838
802786066
80278809
802975096
803172158
803172158
803172158
803172158
803172158
803172158
803172158
803172158
803172158
803172158
803172158
803919143
803919143
803981632
803981632
803981632
803981632
804311147
804536298
804915535
805024303
805134500
805134500
805134500
806256911
806256911
807115557
807463691
807463691
807463691
807565333
807639170
807639170
807639170
807639170
807639170
807639170
810871632
811760670
811760670
811859957
812048578
812365923
81269577
812933557
813301864
81339104
813534349
813906844
813952745
814385367
814598093
815066415
815066415
815066415
815066415
815140815
815538260
815897827
816035485
81609680
816806068
816952434
817075028
817294609
817348859
81928364
81928364
819456826
819782793
820313014
820535880
820905564
820995200
821714869
822044719
822720674
822817200
823157131
824094221
824349893
824349893
824902601
824902601
825346055
825346055
825346055
825691170
825691170
825691170
825691170
825691170
825691170
825691170
825691170
825691170
826010808
826470409
826484350
826484350
826484350
827147979
827147979
827187473
827187473
827187473
827187473
827220510
827220510
827273625
827327026
82780608
82780608
828027079
828164739
828366833
828652896
828652896
828652896
828652896
828652896
828652896
828652896
828652896
828652896
828652896
828652896
828652896
828652896
828652896
828652896
828652896
828652896
828652896
828652896
828652896
828652896
828652896
828772159
828772159
828772159
828772159
828772159
829266740
829266740
830091486
830877383
831347517
831398362
831547391
832491809
832603517
832781764
833014724
833075193
833085562
833661543
83375587
83375587
83414792
834152551
834257616
83468129
83468129
835172369
835172369
835172369
835546146
835549535
835549535
835549535
835549535
835882829
835882829
835882829
836227632
836638040
836769352
836854536
836911146
837040016
837188646
837268813
837340639
837360744
837891915
838909822
838946069
839269769
839407277
839407277
839407277
839407277
840031630
840031630
840031630
840084782
840248026
840248026
840463224
840569198
840589523
840963902
841277317
841691519
841909741
842229658
842514895
842514895
842514895
842514895
843098768
843172468
843513020
843558517
843703088
843703088
843703088
843703088
843703088
843703088
843703088
843703088
843703088
843740839
844168591
844263222
844455366
844455366
844805178
844845858
845454135
845546119
845697367
845697367
846062547
846062547
846062547
846062547
846062547
846062547
846062547
846062547
846062547
846062547
846062547
846062547
846062547
846062547
846062547
846062547
846117222
846121865
847200643
847516026
847552914
847552914
848013394
848137753
84818603
84818603
848381140
848381140
849829429
851090558
851412948
851412948
851758161
851769155
85222005
852717518
852949636
852949636
853096028
853257353
853405063
85377715
85377715
853788468
853788468
853788468
853788468
853906105
854046907
854345821
854345821
854889674
855093838
85518108
85518108
85518108
855352034
855420344
855703856
855750029
856000847
856000847
856911979
857168467
85720239
85720239
85720239
857450764
857450764
85757353
857864614
857864614
857864614
857923687
857923687
858037273
858037273
858037273
858077252
858077252
858318999
859175117
859175117
859175117
859359548
859367719
859997531
861900049
861908887
8619217
862250199
862403637
862779097
863325730
863325730
863325730
863325730
863325730
863675264
864257558
864957278
864958036
865023266
865023266
865023266
865023266
865846168
866117580
866674811
867422311
867939499
868401290
869135660
869240580
869240580
869240580
869240580
869830455
870453750
870698190
87169065
87169065
87169065
87169065
871827197
872568687
872568687
872568687
872821543
872863959
872863959
872883057
872883057
873116544
873116544
87346279
873500586
874684982
874858740
874942197
87536390
876413433
876413433
876988814
877239393
877368404
877368404
877463784
877463784
878126481
879319057
879319057
879319057
879319057
879319057
879319057
879319057
879319057
879319057
879319057
879319057
879319057
879319057
879319057
879319057
879319057
879319057
879319057
879319057
879319057
879319057
880583163
881962457
882089461
882163178
882228767
882393531
882486692
882939012
883772272
883917886
883917886
884131630
884182361
884543747
885118630
885230877
885328871
885374519
885474406
885790086
885930531
885930531
887316735
887428545
887478492
887545020
888030084
888030084
888059524
888059524
888287444
888523168
888908187
889985870
890054086
890054086
890685652
890804621
891766072
891918344
89201247
89201247
892025054
892065553
892654736
892654736
892827734
893861753
895004268
895451807
895690930
895690930
895919781
895980282
896452286
896452286
896452286
896452286
896452286
896452286
896452286
896452286
896452286
896577334
896672190
896923
897090708
897214430
897384773
897384773
897384773
897384773
897674051
897909419
897909419
898649082
898649082
898688247
89974743
89974743
900462900
900462900
900462900
900462900
900462900
900462900
900462900
900462900
900462900
900462900
900462900
900462900
900462900
900462900
900462900
900462900
901000502
901063970
902581838
902581838
90331671
903330730
903723272
903723272
903802259
903802259
904569775
904569775
904569968
904663340
905340518
905340518
905458703
905624752
905917618
905917618
905917618
905986637
90627104
906411515
906586615
907156565
907156565
907229359
907291850
907291850
907315158
907407538
907407538
907407538
907407538
907819249
908181249
908846386
909273182
91033686
910801517
910900154
910900154
910900154
910900154
910900154
911598248
911598248
912299960
912727710
913105924
913915607
91415342
914334786
915455033
915528414
915871781
917607007
917637253
917939666
918269933
918378508
918378508
918624977
918624977
918624977
919373839
919373839
919601587
919744947
919744947
919744947
920785019
920975907
921202516
921236626
921710092
922008804
922008804
922008804
92211220
922259594
922665360
923059268
926630292
926784375
927023930
927203031
927398369
927398369
92768849
927755747
927755747
927755747
927755747
927755747
927755747
927755747
927755747
927755747
928116256
929151668
929157076
929413539
929413539
929413539
92966203
92966203
929884077
930245759
930431994
931531496
931674312
932312721
932312721
932312721
932766568
934394072
934400771
93495972
93495972
935009971
935591602
935591602
935600529
935938286
936413884
936413884
936413884
936432410
936772181
936909874
937021325
937021325
937221751
937221751
937221751
937221751
937221751
937221751
937221751
937221751
937221751
937221751
937221751
937221751
937221751
93791886
93816562
93816562
93816562
93816562
93816562
93816562
93816562
93816562
93816562
93816562
93816562
93816562
93816562
93816562
93816562
93816562
93816562
93816562
93816562
93816562
93816562
93816562
93816562
93816562
93816562
93816562
93816562
93816562
93816562
93816562
93816562
938266069
939049888
940245938
940393502
9404924
940561470
940561470
940561470
940561470
940561470
940561470
940561470
940561470
940561470
940561470
940561470
940561470
940700518
941740259
941740259
941770195
941770195
941770195
941770195
941770195
941770195
941770195
941770195
941770195
941871076
942011865
94353216
943894254
943894254
943894254
943894254
943894254
943894254
943999144
944099483
944275810
94452694
944554230
944554230
9445844
94475997
945463677
945528774
945528774
946855197
946855197
947970174
948163003
948224707
948224707
94983178
949995110
950963772
951287860
951327357
951327357
951327357
951327357
952695044
952921136
952921136
953470793
953685882
953912284
954451470
954451470
954628751
954628751
956054538
956054538
956054538
957162488
957162488
957162488
957162488
957708279
958015468
958260201
958420772
958577340
958613206
959579423
959579423
959579423
959579423
959579423
95980729
960192509
960192509
960237782
960284248
960497517
960689221
960985239
960985239
960985239
960985239
960985239
960985239
961975156
9620726
962133592
96250911
96250911
962856320
962856320
962868136
962953141
963011769
9632738
9632738
9632738
9632738
9632738
9632738
9632738
9632738
9632738
9632738
9632738
9632738
9632738
9632738
9632738
9632738
9632738
9632738
9632738
9632738
9632738
9632738
9632738
9632738
963916027
964166056
965052844
965052844
965052844
96517152
966205598
966205598
966329377
966455148
966455148
966513186
966513186
966513186
966513186
966513186
966513186
966888515
966963252
967642503
968289368
96839050
96839050
96839050
968450480
968603256
968642731
968874059
969085049
969268100
969647302
970996798
970996798
970996798
971124528
971124528
971155909
971249510
971453527
971453527
971904373
972265969
972416582
972416582
972480919
972598229
972598229
972822982
972822982
972838449
972838449
973428825
973612742
973612742
973621417
974575418
974575418
974575418
97471904
975718585
975718585
976342264
976484277
977095305
977191911
977842614
978202209
978657248
979958610
980086208
980124380
981002815
981002815
981104076
981104076
981104076
981104076
981104076
981104076
981104076
981104076
981542627
981888393
982029524
982206081
982652132
982652132
982914176
983490769
983963406
98433324
985489280
986488005
986493541
986630902
986802312
987343852
987838908
98817776
988722903
988738436
988835365
989325984
990344076
990344076
990344076
990695172
990970208
991438537
991687978
991706894
991834329
991967636
991967636
991967636
992326428
992326428
992326428
992326428
992326428
992326428
992326428
992326428
992559587
993181944
993544388
993569837
993977887
994194358
994527755
994527755
994527755
994527755
994527755
994527755
994527755
994624246
994829140
994829140
994829140
994829140
994890311
995549094
995549094
996317840
996891724
997032021
997053314
997248582
997248582
997248582
997248582
997248582
99741208
997602666
997602666
997602666
997602666
997693450
99779084
99779084
99779084
998369526
998369526
999223825
999310080
999720718
999720718
